,State,Grand total,In 1-unit structures,In 1-unit structures - Grandparent responsible for own grandchildren under 18 years,In 1-unit structures - Grandparent responsible for own grandchildren under 18 years - 30 to 59 years,In 1-unit structures - Grandparent responsible for own grandchildren under 18 years - 60 years and over,In 1-unit structures - Grandparent not responsible for own grandchildren under 18 years,In 2-or-more-unit structures,In 2-or-more-unit structures - Grandparent responsible for own grandchildren under 18 years,In 2-or-more-unit structures - Grandparent responsible for own grandchildren under 18 years - 30 to 59 years,In 2-or-more-unit structures - Grandparent responsible for own grandchildren under 18 years - 60 years and over,In 2-or-more-unit structures - Grandparent not responsible for own grandchildren under 18 years,In mobile homes and all other types of units,In mobile homes and all other types of units - Grandparent responsible for own grandchildren under 18 years,In mobile homes and all other types of units - Grandparent responsible for own grandchildren under 18 years - 30 to 59 years,In mobile homes and all other types of units - Grandparent responsible for own grandchildren under 18 years - 60 years and over,In mobile homes and all other types of units - Grandparent not responsible for own grandchildren under 18 years,Year
0,Alabama,120331,90861,49442,30472,18970,41419,7785,3853,2860,993,3932,21685,12510,9012,3498,9175,2014
1,Alaska,15492,12400,5374,3352,2022,7026,2186,953,621,332,1233,906,318,165,153,588,2014
2,Arizona,163281,133578,50291,32460,17831,83287,12522,5729,4552,1177,6793,17181,8270,4654,3616,8911,2014
3,Arkansas,69023,53427,29248,18941,10307,24179,3745,2146,1667,479,1599,11851,6948,4573,2375,4903,2014
4,California,1130664,924822,236031,138771,97260,688791,172647,51496,36654,14842,121151,33195,11258,7002,4256,21937,2014
5,Colorado,92277,77267,29316,18728,10588,47951,9319,3666,3005,661,5653,5691,2734,1770,964,2957,2014
6,Delaware,22509,18957,7498,4779,2719,11459,1286,527,391,136,759,2266,1166,815,351,1100,2014
7,District of Columbia,10539,7044,2577,1359,1218,4467,3484,1556,1106,450,1928,11,0,0,0,11,2014
8,Connecticut,65918,47440,13523,8158,5365,33917,18273,7294,5123,2171,10979,205,97,77,20,108,2014
9,Florida,466911,371319,125346,73646,51700,245973,59921,20009,13281,6728,39912,35671,16781,10561,6220,18890,2014
10,Georgia,259175,203633,87011,54045,32966,116622,22406,10114,7889,2225,12292,33136,18764,13217,5547,14372,2014
11,Idaho,26949,22605,9296,5199,4097,13309,1091,502,325,177,589,3253,1682,1132,550,1571,2014
12,Hawaii,54790,46576,10326,5282,5044,36250,8141,2701,1615,1086,5440,73,59,49,10,14,2014
13,Illinois,274756,211892,73640,47022,26618,138252,56321,19897,13800,6097,36424,6543,3510,2374,1136,3033,2014
14,Indiana,128220,110783,51581,35295,16286,59202,9385,4826,3591,1235,4559,8052,4534,3447,1087,3518,2014
15,Iowa,37891,33879,14330,9277,5053,19549,2549,1285,946,339,1264,1463,544,269,275,919,2014
16,Kansas,48200,42481,18800,11469,7331,23681,2481,1126,794,332,1355,3238,1774,1320,454,1464,2014
17,Kentucky,99508,76886,40577,25938,14639,36309,6858,3997,2969,1028,2861,15764,9756,6915,2841,6008,2014
18,Louisiana,124261,94833,49457,31209,18248,45376,9327,5012,4001,1011,4315,20101,12306,8640,3666,7795,2014
19,Maine,18627,14690,5666,3812,1854,9024,1821,934,705,229,887,2116,896,554,342,1220,2014
20,Maryland,144446,126023,41087,25462,15625,84936,16174,6167,4138,2029,10007,2249,1040,864,176,1209,2014
21,Massachusetts,120392,82643,21624,12770,8854,61019,37115,12839,8363,4476,24276,634,410,309,101,224,2014
22,Michigan,177096,154731,59015,37410,21605,95716,11926,4783,3438,1345,7143,10439,4353,3104,1249,6086,2014
23,Minnesota,65212,54990,19394,12536,6858,35596,7336,2988,2367,621,4348,2886,1444,1106,338,1442,2014
24,Mississippi,92400,69503,38543,25860,12683,30960,4908,3054,2520,534,1854,17989,10111,7192,2919,7878,2014
25,Missouri,113853,96542,42719,26978,15741,53823,8054,3725,2963,762,4329,9257,4498,2820,1678,4759,2014
26,Montana,14818,11870,5653,3469,2184,6217,748,366,244,122,382,2200,1268,818,450,932,2014
27,Nebraska,24816,21422,9447,6140,3307,11975,2236,1107,807,300,1129,1158,625,427,198,533,2014
28,Nevada,70607,58295,20089,11571,8518,38206,8903,3808,2764,1044,5095,3409,1911,1276,635,1498,2014
29,New Hampshire,20534,16290,5285,3417,1868,11005,3154,1321,964,357,1833,1090,559,404,155,531,2014
30,New Jersey,193793,142851,34593,18739,15854,108258,49565,14254,8620,5634,35311,1377,476,223,253,901,2014
31,New Mexico,55484,39179,18371,11194,7177,20808,2349,1227,774,453,1122,13956,6777,4736,2041,7179,2014
32,New York,431154,226885,60841,35659,25182,166044,196288,65257,39640,25617,131031,7981,3665,2439,1226,4316,2014
33,North Carolina,209768,154843,71182,44172,27010,83661,13580,6779,5138,1641,6801,41345,22503,16357,6146,18842,2014
34,North Dakota,7133,5863,2684,1717,967,3179,757,286,170,116,471,513,253,226,27,260,2014
35,Ohio,218422,187599,84449,56032,28417,103150,20262,10415,7665,2750,9847,10561,5735,4172,1563,4826,2014
36,Oklahoma,85525,71849,37137,23570,13567,34712,3857,1911,1530,381,1946,9819,5163,3481,1682,4656,2014
37,Oregon,66944,53756,18849,10865,7984,34907,7013,2891,2079,812,4122,6175,2743,1386,1357,3432,2014
38,Pennsylvania,237340,210803,77510,51567,25943,133293,17044,7506,5351,2155,9538,9493,4206,2973,1233,5287,2014
39,Rhode Island,19112,13090,3900,2453,1447,9190,5980,2129,1514,615,3851,42,10,10,0,32,2014
40,South Carolina,119731,81932,39545,23312,16233,42387,6932,3442,2688,754,3490,30867,15472,10445,5027,15395,2014
41,South Dakota,11812,9803,5259,3392,1867,4544,685,444,356,88,241,1324,802,593,209,522,2014
42,Tennessee,155186,123175,58326,36130,22196,64849,11757,5819,4523,1296,5938,20254,11171,8258,2913,9083,2014
43,Texas,754634,618082,250862,168736,82126,367220,66720,30229,23690,6539,36491,69832,34209,24052,10157,35623,2014
44,Vermont,8376,6208,2325,1571,754,3883,1069,640,486,154,429,1099,506,437,69,593,2014
45,Utah,61446,54998,16127,9233,6894,38871,4672,1710,1010,700,2962,1776,856,510,346,920,2014
46,Virginia,182079,156205,56526,33629,22897,99679,16330,5915,3830,2085,10415,9544,4324,3130,1194,5220,2014
47,Washington,124264,99875,34394,21902,12492,65481,13249,4744,3521,1223,8505,11140,4167,2523,1644,6973,2014
48,West Virginia,39883,31113,16113,9858,6255,15000,1491,992,712,280,499,7279,3881,2723,1158,3398,2014
49,Wisconsin,71236,58408,21754,14749,7005,36654,10474,4824,3675,1149,5650,2354,1072,825,247,1282,2014
50,Wyoming,8329,6245,3196,2029,1167,3049,471,241,128,113,230,1613,1070,802,268,543,2014
51,Puerto Rico,108347,95960,42939,24059,18880,53021,12284,6725,4896,1829,5559,103,82,55,27,21,2014
